  0.396569192488E-09
  0.350905018731E-09
  0.828954191036E-12
  0.150596559393E-08
 -0.370097768514E-10
  0.861724787086E-09
 -0.261040943946E-09
  0.203363259807E-08
 -0.369692884845E-09
  0.117473079373E-08
 -0.119505838612E-08
  0.222838867712E-08
 -0.828187422322E-09
  0.108117401095E-08
 -0.207725080477E-08
  0.171378146548E-08
 -0.120675957322E-08
  0.648655713433E-09
 -0.262968189114E-08
  0.641572840639E-09
 -0.134764117012E-08
  0.745325823692E-15
 -0.262968252300E-08
 -0.641570506925E-09
 -0.120675895607E-08
 -0.648653781038E-09
 -0.207725021953E-08
 -0.171377846249E-08
 -0.828188065524E-09
 -0.108117318675E-08
 -0.119505852285E-08
 -0.222838625724E-08
 -0.369693020081E-09
 -0.117473014763E-08
 -0.261040772842E-09
 -0.203362922880E-08
 -0.370096988483E-10
 -0.861722704005E-09
  0.828875083954E-12
 -0.150596327120E-08
  0.396568552135E-09
 -0.350904445090E-09
  0.126515227499E-08
 -0.881334729267E-10
 -0.179704030348E-02
  0.122960957069E-02
 -0.925865501221E-02
  0.238632617863E-02
 -0.192953466301E-01
  0.248248223586E-02
 -0.272358294637E-01
  0.149155772611E-02
 -0.302470884953E-01
  0.654382877865E-10
 -0.272358281814E-01
 -0.149155845137E-02
 -0.192953463226E-01
 -0.248248221219E-02
 -0.925865385759E-02
 -0.238632611299E-02
 -0.179704119308E-02
 -0.122961017035E-02
  0.126514956902E-08
  0.881335062715E-10
  0.495780352677E-09
  0.237330674267E-10
 -0.120178793076E-02
  0.179305447187E-02
 -0.502640042726E-02
  0.507007358226E-02
 -0.109762139879E-01
  0.752839619345E-02
 -0.189743182386E-01
  0.915328690496E-02
 -0.276095617962E-01
  0.963437537835E-02
 -0.361972433422E-01
  0.918894706855E-02
 -0.439077318200E-01
  0.767456039974E-02
 -0.498404976096E-01
  0.553848799146E-02
 -0.537610671220E-01
  0.287171085164E-02
 -0.549503516096E-01
  0.740710846591E-10
 -0.537610669162E-01
 -0.287171089423E-02
 -0.498404948104E-01
 -0.553848940599E-02
 -0.439077361210E-01
 -0.767455945353E-02
 -0.361972427180E-01
 -0.918894691244E-02
 -0.276095618300E-01
 -0.963437533265E-02
 -0.189743160400E-01
 -0.915328647047E-02
 -0.109762097150E-01
 -0.752839511442E-02
 -0.502640241306E-02
 -0.507007494055E-02
 -0.120178859375E-02
 -0.179305498825E-02
  0.495779010391E-09
 -0.237330896681E-10
  0.660593690725E-09
  0.321147417993E-09
 -0.814806876372E-02
  0.111700503874E-01
 -0.281005944682E-01
  0.192466823576E-01
 -0.516344662964E-01
  0.188813062493E-01
 -0.698837597081E-01
  0.113618133309E-01
 -0.766810925567E-01
 -0.709789686043E-11
 -0.698837560757E-01
 -0.113618163667E-01
 -0.516344658373E-01
 -0.188813062674E-01
 -0.281005913217E-01
 -0.192466817597E-01
 -0.814807181719E-02
 -0.111700529134E-01
  0.660590979943E-09
 -0.321147376153E-09
  0.185219297956E-09
  0.380680383800E-09
 -0.307824196202E-02
  0.993698639756E-02
 -0.111016405801E-01
  0.202137546790E-01
 -0.228292184256E-01
  0.278653988942E-01
 -0.368783025683E-01
  0.325151388401E-01
 -0.517748007335E-01
  0.335343936968E-01
 -0.661008520446E-01
  0.312898294185E-01
 -0.786055558614E-01
  0.261044979159E-01
 -0.882674062346E-01
  0.186908857122E-01
 -0.943859980015E-01
  0.972977277261E-02
 -0.964486477209E-01
 -0.524240766508E-11
 -0.943859979382E-01
 -0.972977280884E-02
 -0.882674017648E-01
 -0.186908905519E-01
 -0.786055624876E-01
 -0.261044943056E-01
 -0.661008515995E-01
 -0.312898293810E-01
 -0.517748007204E-01
 -0.335343936177E-01
 -0.368782985668E-01
 -0.325151379830E-01
 -0.228292107669E-01
 -0.278653953649E-01
 -0.111016447491E-01
 -0.202137587637E-01
 -0.307824319107E-02
 -0.993698875733E-02
  0.185217918453E-09
 -0.380680398920E-09
  0.215675412239E-09
  0.126042075436E-08
 -0.138200233163E-01
  0.313457863400E-01
 -0.454331375276E-01
  0.486824108378E-01
 -0.800377788653E-01
  0.460310067553E-01
 -0.105776648415E+00
  0.272941665210E-01
 -0.115186294468E+00
  0.131287019633E-11
 -0.105776643291E+00
 -0.272941738383E-01
 -0.800377783917E-01
 -0.460310068010E-01
 -0.454331326655E-01
 -0.486824097486E-01
 -0.138200287492E-01
 -0.313457923102E-01
  0.215672722954E-09
 -0.126042080610E-08
  0.118406146203E-10
  0.101650153028E-08
 -0.437146206388E-02
  0.247666116760E-01
 -0.165964997493E-01
  0.453900471621E-01
 -0.339995066070E-01
  0.600033966373E-01
 -0.539670094064E-01
  0.678620317440E-01
 -0.744553530240E-01
  0.686124408923E-01
 -0.936880788003E-01
  0.630622505752E-01
 -0.110136516089E+00
  0.521051265884E-01
 -0.122616281481E+00
  0.370359165596E-01
 -0.130459855232E+00
  0.192130599504E-01
 -0.133066256519E+00
  0.155881293314E-10
 -0.130459855128E+00
 -0.192130599865E-01
 -0.122616275722E+00
 -0.370359263936E-01
 -0.110136524811E+00
 -0.521051190170E-01
 -0.936880782254E-01
 -0.630622505209E-01
 -0.744553530212E-01
 -0.686124408476E-01
 -0.539670037543E-01
 -0.678620304421E-01
 -0.339994954749E-01
 -0.600033901148E-01
 -0.165965063330E-01
 -0.453900552086E-01
 -0.437146440061E-02
 -0.247666165058E-01
  0.118393264313E-10
 -0.101650156163E-08
  0.432120181838E-09
  0.307287540046E-08
 -0.198316610475E-01
  0.618124381741E-01
 -0.625137343216E-01
  0.897536645260E-01
 -0.107091255892E+00
  0.820940499360E-01
 -0.138774631235E+00
  0.477485568957E-01
 -0.150056423490E+00
  0.218342824919E-10
 -0.138774625134E+00
 -0.477485698214E-01
 -0.107091255283E+00
 -0.820940499377E-01
 -0.625137279590E-01
 -0.897536632615E-01
 -0.198316682643E-01
 -0.618124484938E-01
  0.432117445357E-09
 -0.307287521673E-08
  0.466333692254E-09
  0.201948303317E-08
 -0.685041624766E-02
  0.448616260963E-01
 -0.231242169524E-01
  0.809592787215E-01
 -0.455126442706E-01
  0.103813970536E+00
 -0.712118874698E-01
  0.114630834663E+00
 -0.967812442443E-01
  0.113698252039E+00
 -0.119951204903E+00
  0.102805921889E+00
 -0.139226578506E+00
  0.839441236385E-01
 -0.153484505057E+00
  0.591214781888E-01
 -0.162333350532E+00
  0.305241398447E-01
 -0.165210925725E+00
  0.308165456872E-10
 -0.162333350420E+00
 -0.305241398492E-01
 -0.153484498649E+00
 -0.591214941937E-01
 -0.139226588717E+00
 -0.839441108277E-01
 -0.119951204066E+00
 -0.102805921840E+00
 -0.967812442809E-01
 -0.113698252028E+00
 -0.712118804724E-01
 -0.114630833274E+00
 -0.455126301127E-01
 -0.103813960641E+00
 -0.231242250043E-01
 -0.809592919174E-01
 -0.685041843116E-02
 -0.448616356610E-01
  0.466332191584E-09
 -0.201948302540E-08
  0.147807974777E-08
  0.481181163620E-08
 -0.258019227243E-01
  0.101807520374E+00
 -0.799409952136E-01
  0.141870655718E+00
 -0.131652640239E+00
  0.124682877732E+00
 -0.165792495589E+00
  0.708287786497E-01
 -0.177442572534E+00
  0.573708315362E-10
 -0.165792489540E+00
 -0.708287980589E-01
 -0.131652639415E+00
 -0.124682877815E+00
 -0.799409874378E-01
 -0.141870654311E+00
 -0.258019330465E-01
 -0.101807536826E+00
  0.147807711128E-08
 -0.481181198537E-08
  0.939294802447E-09
  0.324785320368E-08
 -0.739619844420E-02
  0.739660099654E-01
 -0.291686285644E-01
  0.126628356608E+00
 -0.581768974087E-01
  0.158759384097E+00
 -0.884497384839E-01
  0.170833722890E+00
 -0.116653314589E+00
  0.165674408891E+00
 -0.140935599991E+00
  0.146751170407E+00
 -0.160088044968E+00
  0.117924977103E+00
 -0.173534449502E+00
  0.820007832565E-01
 -0.181710592690E+00
  0.420309655623E-01
 -0.184230038409E+00
  0.832416455892E-10
 -0.181710592553E+00
 -0.420309654772E-01
 -0.173534443860E+00
 -0.820008060195E-01
 -0.160088055172E+00
 -0.117924957934E+00
 -0.140935598755E+00
 -0.146751170364E+00
 -0.116653314821E+00
 -0.165674409068E+00
 -0.884497303477E-01
 -0.170833722141E+00
 -0.581768797812E-01
 -0.158759371016E+00
 -0.291686407616E-01
 -0.126628376165E+00
 -0.739620350867E-02
 -0.739660229918E-01
  0.939293767371E-09
 -0.324785330001E-08
  0.425058473957E-08
  0.885560389136E-08
 -0.343765336776E-01
  0.154576498614E+00
 -0.955317895296E-01
  0.200664102742E+00
 -0.146132616862E+00
  0.167843660275E+00
 -0.174429651101E+00
  0.919863390765E-01
 -0.183039548000E+00
  0.138644170694E-09
 -0.174429647251E+00
 -0.919863648534E-01
 -0.146132615848E+00
 -0.167843660166E+00
 -0.955317814644E-01
 -0.200664103196E+00
 -0.343765450290E-01
 -0.154576519979E+00
  0.425058187389E-08
 -0.885560306498E-08
  0.352188605295E-08
  0.534611139590E-08
 -0.135451728544E-01
  0.107329946142E+00
 -0.395363019984E-01
  0.185235160177E+00
 -0.700326825056E-01
  0.222274246909E+00
 -0.100624547709E+00
  0.230202073943E+00
 -0.126008197036E+00
  0.215810514810E+00
 -0.144316973717E+00
  0.185137952143E+00
 -0.156875122842E+00
  0.145253986522E+00
 -0.164107198485E+00
  0.991622318720E-01
 -0.168203317796E+00
  0.502950446848E-01
 -0.169252243995E+00
  0.162802400036E-09
 -0.168203317720E+00
 -0.502950443678E-01
 -0.164107196563E+00
 -0.991622604389E-01
 -0.156875129452E+00
 -0.145253960699E+00
 -0.144316971896E+00
 -0.185137952142E+00
 -0.126008197743E+00
 -0.215810515158E+00
 -0.100624540625E+00
 -0.230202075506E+00
 -0.700326648195E-01
 -0.222274233424E+00
 -0.395363135120E-01
 -0.185235185421E+00
 -0.135451747276E-01
 -0.107329969686E+00
  0.352188400868E-08
 -0.534611123766E-08
  0.900447438496E-08
  0.106183821905E-07
 -0.407041146543E-01
  0.213676540856E+00
 -0.102643651666E+00
  0.256972055516E+00
 -0.132002832314E+00
  0.196945266935E+00
 -0.138387932662E+00
  0.102458146908E+00
 -0.138395162163E+00
  0.268155812303E-09
 -0.138387934374E+00
 -0.102458176274E+00
 -0.132002831030E+00
 -0.196945266865E+00
 -0.102643644933E+00
 -0.256972058184E+00
 -0.407041315916E-01
 -0.213676570473E+00
  0.900447200894E-08
 -0.106183840377E-07
  0.520453164416E-08
  0.763960534854E-08
 -0.109156066283E-01
  0.160366898621E+00
 -0.449618896067E-01
  0.247471001734E+00
 -0.768510431917E-01
  0.283141070430E+00
 -0.968883683578E-01
  0.273859314519E+00
 -0.104247929506E+00
  0.242564581648E+00
 -0.102356197877E+00
  0.198792470371E+00
 -0.967838470632E-01
  0.150131242537E+00
 -0.902348541797E-01
  0.997064016458E-01
 -0.856881371172E-01
  0.496877825271E-01
 -0.838834866853E-01
  0.331780864345E-09
 -0.856881367390E-01
 -0.496877818895E-01
 -0.902348597367E-01
 -0.997064316176E-01
 -0.967838445939E-01
 -0.150131212261E+00
 -0.102356195683E+00
 -0.198792470006E+00
 -0.104247930662E+00
 -0.242564583028E+00
 -0.968883642694E-01
 -0.273859321982E+00
 -0.768510285920E-01
 -0.283141061177E+00
 -0.449619108712E-01
 -0.247471033914E+00
 -0.109156181543E-01
 -0.160366920591E+00
  0.520453170553E-08
 -0.763960598945E-08
  0.198467317775E-07
  0.215703003736E-07
 -0.540616047659E-01
  0.285594757717E+00
 -0.763278914407E-01
  0.278625906534E+00
 -0.478290113620E-01
  0.187332121142E+00
 -0.133651532131E-01
  0.902199170056E-01
  0.593931753578E-03
  0.310648994220E-09
 -0.133651637440E-01
 -0.902199435254E-01
 -0.478290107871E-01
 -0.187332121200E+00
 -0.763278920420E-01
 -0.278625918514E+00
 -0.540616173731E-01
 -0.285594775088E+00
  0.198467282740E-07
 -0.215702960734E-07
  0.144222004321E-07
  0.159002934153E-07
 -0.303708664946E-01
  0.209479613594E+00
 -0.613095836937E-01
  0.321874136800E+00
 -0.608929124083E-01
  0.306276719810E+00
 -0.251382549196E-01
  0.254906747617E+00
  0.750289040020E-02
  0.208844196534E+00
  0.434039468383E-01
  0.160672274850E+00
  0.751746777331E-01
  0.114225020678E+00
  0.100407081285E+00
  0.731251221642E-01
  0.116327642346E+00
  0.357349511811E-01
  0.120977122969E+00
  0.400418623523E-09
  0.116327642433E+00
 -0.357349502390E-01
  0.100407066050E+00
 -0.731251459317E-01
  0.751746959568E-01
 -0.114224992163E+00
  0.434039474132E-01
 -0.160672274151E+00
  0.750288373793E-02
 -0.208844197541E+00
 -0.251382677480E-01
 -0.254906767349E+00
 -0.608929165584E-01
 -0.306276736020E+00
 -0.613095921736E-01
 -0.321874144502E+00
 -0.303708677007E-01
 -0.209479664667E+00
  0.144221965798E-07
 -0.159002922209E-07
  0.464122120733E-07
  0.203189041856E-07
 -0.373523065212E-01
  0.297110823506E+00
  0.595419952778E-01
  0.211951198203E+00
  0.185012645510E+00
  0.116186373965E+00
  0.258509561633E+00
  0.504542207095E-01
  0.282634449856E+00
  0.614637427446E-09
  0.258509546842E+00
 -0.504542359511E-01
  0.185012646238E+00
 -0.116186368949E+00
  0.595419852517E-01
 -0.211951213731E+00
 -0.373523073882E-01
 -0.297110825485E+00
  0.464122117698E-07
 -0.203189155234E-07
  0.283463539611E-07
  0.716914864009E-08
 -0.752855314675E-02
  0.302528759795E+00
  0.585493277849E-01
  0.190613447415E+00
  0.158482282403E+00
  0.161577662197E+00
  0.231173374296E+00
  0.147760884053E+00
  0.323481614237E+00
  0.982459034051E-01
  0.392463674368E+00
  0.583755436015E-01
  0.437502441935E+00
  0.401030527082E-01
  0.460945756457E+00
  0.292982771191E-01
  0.479724257073E+00
  0.148761945066E-01
  0.486299566958E+00
 -0.777563852210E-09
  0.479724260033E+00
 -0.148761933799E-01
  0.460945742618E+00
 -0.292982794038E-01
  0.437502464669E+00
 -0.401030448138E-01
  0.392463666681E+00
 -0.583755482144E-01
  0.323481620849E+00
 -0.982458964442E-01
  0.231173379990E+00
 -0.147760872209E+00
  0.158482196386E+00
 -0.161577682593E+00
  0.585493478962E-01
 -0.190613439822E+00
 -0.752853526877E-02
 -0.302528750285E+00
  0.283463574371E-07
 -0.716914583208E-08
  0.176659968052E-06
  0.114488333981E-06
  0.320272409348E+00
  0.851182576754E-01
  0.580790264120E+00
  0.541638304435E-01
  0.658855324020E+00
  0.127825682992E-01
  0.718632519806E+00
  0.107978766116E-01
  0.725056759662E+00
 -0.167911753036E-08
  0.718632508738E+00
 -0.107978744031E-01
  0.658855332796E+00
 -0.127825793361E-01
  0.580790241816E+00
 -0.541638122742E-01
  0.320272467367E+00
 -0.851182638406E-01
  0.176659956579E-06
 -0.114488304697E-06
  0.100000014408E+01
 -0.423888293661E-07
  0.100000010515E+01
 -0.104962548577E-06
  0.100000015779E+01
 -0.835577670118E-08
  0.100000020810E+01
 -0.240018258111E-07
  0.100000017708E+01
 -0.106311367544E-07
  0.100000020132E+01
 -0.110984186757E-07
  0.100000018607E+01
 -0.162958688493E-08
  0.100000021694E+01
 -0.414211731679E-08
  0.100000018768E+01
 -0.212118562539E-08
  0.100000021638E+01
 -0.164117426685E-08
  0.100000018891E+01
 -0.477142464649E-15
  0.100000021638E+01
  0.164117251623E-08
  0.100000018768E+01
  0.212118233163E-08
  0.100000021694E+01
  0.414211304261E-08
  0.100000018607E+01
  0.162958845299E-08
  0.100000020132E+01
  0.110984194135E-07
  0.100000017708E+01
  0.106311400367E-07
  0.100000020810E+01
  0.240018127490E-07
  0.100000015779E+01
  0.835576768191E-08
  0.100000010515E+01
  0.104962544085E-06
  0.100000014408E+01
  0.423888154470E-07
 -0.373504966439E+00
 -0.422650318340E+00
 -0.575214084942E+00
 -0.521907189876E+00
 -0.315229362298E+00
 -0.331145954369E-06
  0.315228684327E+00
  0.521906493553E+00
  0.575213394386E+00
  0.422649627748E+00
  0.373504313717E+00
 -0.238604322531E+00
 -0.349833310608E+00
 -0.408962725840E+00
 -0.371079442733E+00
 -0.219169313731E+00
 -0.342838694464E-06
  0.219168653132E+00
  0.371078741128E+00
  0.408962045064E+00
  0.349832640530E+00
  0.238603658700E+00
 -0.110286742943E+00
 -0.288861495286E+00
 -0.376000299726E+00
 -0.339285236534E+00
 -0.198965652373E+00
 -0.340726146038E-06
  0.198964987675E+00
  0.339284539961E+00
  0.375999610908E+00
  0.288860834894E+00
  0.110286059124E+00
 -0.274130504021E-02
 -0.358412919993E+00
 -0.467081395535E+00
 -0.414116859442E+00
 -0.239711268391E+00
 -0.340812299218E-06
  0.239710604594E+00
  0.414116160018E+00
  0.467080700912E+00
  0.358412261608E+00
  0.274070923295E-02
 -0.296898263173E+00
 -0.589900995280E+00
 -0.727032603291E+00
 -0.616676829944E+00
 -0.345333540927E+00
 -0.342695731406E-06
  0.345332884241E+00
  0.616676111681E+00
  0.727031912055E+00
  0.589900358870E+00
  0.296897487680E+00
 -0.415289246794E+00
 -0.118712748828E+01
 -0.123465186187E+01
 -0.970020569827E+00
 -0.527705332527E+00
 -0.344017958267E-06
  0.527704683160E+00
  0.970019824090E+00
  0.123465118780E+01
  0.118712683474E+01
  0.415288891671E+00
 -0.201625966734E+01
 -0.209968752001E+01
 -0.205595864121E+01
 -0.152243171154E+01
 -0.778880583494E+00
 -0.350467430367E-06
  0.778879954867E+00
  0.152243089141E+01
  0.205595803903E+01
  0.209968693152E+01
  0.201625841404E+01
 -0.226725814738E+01
 -0.417197347183E+01
 -0.336276819326E+01
 -0.218469787757E+01
 -0.107779774943E+01
 -0.351284290907E-06
  0.107779712817E+01
  0.218469699081E+01
  0.336276769273E+01
  0.417197282809E+01
  0.226725884506E+01
 -0.918126752029E+01
 -0.667139228257E+01
 -0.498789832597E+01
 -0.287114015049E+01
 -0.126709078635E+01
 -0.365121478197E-06
  0.126709019311E+01
  0.287113907961E+01
  0.498789820689E+01
  0.667139191186E+01
  0.918126393822E+01
 -0.138656717543E+02
 -0.151980678954E+02
 -0.513995664107E+01
 -0.314217055194E+01
 -0.110501130095E+01
 -0.428712987266E-06
  0.110501095275E+01
  0.314216872008E+01
  0.513995842266E+01
  0.151980660202E+02
  0.138656776488E+02
 -0.734128265411E+02
 -0.117958403355E+01
 -0.792121620058E+01
  0.164735822488E-01
 -0.136775521175E+01
 -0.269403652117E-21
  0.136775362241E+01
 -0.164722894552E-01
  0.792121244625E+01
  0.117958433037E+01
  0.734127992243E+02
